0.01356
0.02712
0.05423
0.10846
0.11337
0.12544
0.13751
0.14957
0.16164
0.17371
0.1851
0.19649
0.20789
0.21928
0.23067
0.24276
0.25485
0.26693
0.27902
0.29111
0.3042
0.3173
0.33039
0.34349
0.35658
0.3705
0.38442
0.39835
0.41227
0.42619
0.43955
0.45292
0.46628
0.47964
0.493
0.5056
0.51821
0.53081
0.54342
0.55602
0.56873
0.58145
0.59416
0.60688
0.61959
0.63343
0.64727
0.6611
0.67494
0.68878
0.7023
0.71582
0.72934
0.74286
0.75638
0.76798
0.77958
0.79117
0.80277
0.81437
0.82425
0.83413
0.84402
0.8539
0.86378
0.87378
0.88377
0.89376
0.90376
0.91375
0.92103
0.92832
0.9356
0.94288
0.95017
0.95525
0.96034
0.96542
0.9705
0.97559
0.97681
0.97803
0.97925
0.98047
0.98169
0.98291
0.98413
0.98535
0.98657
0.98779
0.98901
0.99024
0.99146
0.99268
0.9939
0.99512
0.99634
0.99756
0.99878
1