0.03404
0.06548
0.09417
0.12062
0.14473
0.16810
0.19001
0.21185
0.23282
0.25306
0.27302
0.29278
0.31239
0.33076
0.34837
0.36524
0.38191
0.39833
0.41416
0.42937
0.44411
0.45805
0.47179
0.48513
0.49838
0.51109
0.52345
0.53559
0.54756
0.55930
0.57075
0.58198
0.59288
0.60359
0.61390
0.62385
0.63364
0.64331
0.65276
0.66205
0.67116
0.68001
0.68870
0.69715
0.70539
0.71350
0.72145
0.72928
0.73700
0.74460
0.75210
0.75942
0.76660
0.77365
0.78062
0.78752
0.79432
0.80088
0.80736
0.81368
0.81993
0.82596
0.83178
0.83757
0.84324
0.84886
0.85441
0.85991
0.86524
0.87048
0.87566
0.88074
0.88577
0.89070
0.89558
0.90039
0.90515
0.90982
0.91445
0.91906
0.92361
0.92810
0.93250
0.93685
0.94114
0.94540
0.94961
0.95378
0.95792
0.96196
0.96594
0.96991
0.97381
0.97768
0.98153
0.98531
0.98905
0.99276
0.99453
1
